0.2368826246605842 0.0012855942169726488 2.0 2.7781785975656503 2.583706095736055 2.5061949128639736 1.2781594055606265 0.4857005741130381
0.679791291002543 0.011058129222382198 6.1 4.763717030146959 2.620044366580828 1.7030288382775378 1.1410293216459506 0.3080779168444066
0.9895709716245642 0.02302045764981958 8.7 3.7011176163085238 2.9979052692099044 1.468973581912853 1.2192480729876682 0.9266285354706276
0.2954858771483984 0.002272093685279739 2.8 5.333199434472865 3.2532516550284476 1.0085080130588189 0.8471467309694077 0.44898776741378604
0.6246097300706047 0.008948825721203833 5.3 3.466086466899351 2.530243120836526 2.0747993590859517 1.244879615451571 0.8340693423525526
0.660926888966392 0.01113229789075559 6.2 5.406043026263964 3.081444524970459 1.1093200289893654 0.798710420872343 0.615007024071704
0.3397318396995591 0.0030959140792069365 3.3 5.710363510320339 3.19780356577939 0.8953849984182293 0.7789849486238594 0.5452894640367015
0.4859337903523334 0.007747356168851955 4.9 5.290310272994294 3.9148296020157773 1.1353005845845754 0.2497661286086066 0.10989709658778692
0.965553523656085 0.024214339943987948 8.9 4.129886968813809 3.67559940224429 1.4334837668752731 0.6163980197563673 0.4191506534343298
0.023473232694622443 1.258986534905047e-5 0.2 3.497080667658095 2.4829272740372472 2.01117109197017 1.3675963425397155 0.7795299152476378
0.739032655342311 0.016148444952733106 7.6 6.017388447396442 3.369737530542008 0.7076448814138216 0.6368803932724395 0.5540859421470223
0.192013921816032 0.0010522474039714263 1.9 5.595766578752511 3.4134176130390315 0.9557569316509288 0.7932782532702708 0.07932782532702709
0.4515802250265558 0.005488293357318718 4.4 5.705829349142893 3.1952644355200204 0.8627213975904054 0.8282125416867891 0.5217739012626772
0.6203975827781651 0.010338872076084143 5.8 5.593503201965948 2.7408165689633144 1.7815307698261544 0.4631980001548002 0.43540612014551217
0.42393533608960987 0.004600980070185981 3.8 4.295675650714318 3.2647134945428817 1.7955924219985848 0.5386777265995755 0.5063570630036008
0.6319423173297634 0.009501272048882988 5.7 5.3905972889608105 2.1562389155843245 1.4662424625973405 1.1290066961999523 1.1064265622759533
0.6406886586225063 0.009642726460313661 5.8 4.9575376981081645 2.0325904562243475 1.7886796014774258 1.5740380493001347 0.25184608788802154
0.22705497490882132 0.0012176220628258975 2.0 3.543793625760687 3.1185383906694044 1.7151961148681723 1.2177892415564022 0.35315888005135665
1.0991845422578013 0.029989884891312896 9.6 2.9439487069928885 2.885069732853031 2.740816246210379 0.79483671140101 0.21460591207827268
0.6818036253302974 0.014351042241175687 6.5 4.708894715989137 3.4845820898319615 1.8119826867126199 0.32615688360827155 0.04566196370515802
1.0537373258004943 0.02999264323523242 10.0 4.510390106459302 3.8338315904904063 1.1501494771471221 0.5175672647162048 0.48651322883323256
0.7480225312000512 0.013933760867890232 6.5 3.599884436509819 2.951905237938051 2.4205622951092023 0.6293461967283925 0.3964881039388873
0.36992344135340594 0.0031848246362975083 3.2 4.218740336447916 2.3624945884108333 2.1971199672220747 1.1425023829554788 0.377025786375308
0.521899188603978 0.006255921495410982 4.4 2.5755130112856928 2.472492490834265 2.1757933919341528 1.479539506515224 1.1688362101470269
0.26919194940981095 0.0016636433362595307 2.3 2.442277854306385 2.2713184045049384 2.225892036414839 1.8474903902243165 0.8683204834054288
0.6185727253481466 0.009895761767590085 5.6 4.708027344046264 2.9660572267491463 1.9279371973869452 0.559101787242214 0.3857802331971278
0.7474854481450678 0.013583805527533157 6.7 5.217216867836028 2.243403253169492 2.041496960384238 0.8165987841536951 0.5797851367491236
0.13924749438285636 0.0004466409163143941 1.2 4.157100485599222 2.0369792379436187 1.874020898908129 1.349295047213853 1.322309146269576
0.6001552700182443 0.014223070071131666 7.0 7.499348376932437 3.2247198020809478 0.8384271485410464 0.15930115822279883 0.055755405377979586
0.9002641532112982 0.019137002442712717 8.0 4.195123588340913 2.684879096538184 1.342439548269092 1.2887419663383282 1.1727551893678787
0.22895311735574667 0.0013521116000445412 2.1 3.969612457850654 3.8108279595366277 1.371898065433186 0.5624782068276063 0.539979078554502
0.945302856825497 0.022992016376060062 8.5 4.721290423098441 2.6439226369351276 2.220895015025507 0.6884774546579071 0.17211936366447678
0.4862971254309805 0.0065283513618918775 4.7 6.14684612547846 2.6431438339557376 1.6387491770525573 0.45884976957471607 0.37166831335552
0.2788581074182456 0.0024796074226778203 2.6 4.2494151742366455 3.272049684162217 2.3558757725967965 0.23558757725967963 0.023558757725967962
0.37750553940034 0.003279269772185615 3.2 3.678651321816442 2.3911233591806873 2.3433008919970737 1.1013514192386245 0.6497973373507886
0.13984235864302705 0.0006334857169120993 1.4 6.223360903651917 2.924979624716401 1.6672383860883484 0.26675814177413576 0.05868679119030987
0.8069208252524877 0.015355522603097544 7.0 3.881564124007008 2.8723574517651858 1.8957559181650223 1.004750636627462 0.5727078628776533
0.04419918471794493 5.405864417573314e-5 0.4 3.7993213652177458 3.495375656000326 2.097225393600196 0.37750057084803523 0.26047539388514435
0.259650162224407 0.0017665345589860239 2.3 3.7017072239013125 3.2945194292721682 2.207328017612353 0.5076854440508412 0.27922699422796265
0.6334894579020991 0.009438110535083085 5.5 3.263746451287687 3.1005591287233027 1.9533522510956804 1.1329443056354946 0.36254217780335823
0.3934893908717961 0.0055365636600658175 4.4 6.657591648011333 3.5285235734460065 0.7409899504236613 0.2889860806652279 0.22540914291887776
0.03851150310198351 4.919218809177664e-5 0.4 4.640348350950707 4.408330933403172 0.8816661866806343 0.3262164890718347 0.12722443073801556
0.6621147358075966 0.013362963648913649 6.6 5.009894541719897 4.007915633375918 1.0019789083439794 0.3607124070038326 0.2488915608326445
0.6349052444116982 0.011315034295447845 6.1 4.206038693873569 4.121917919996097 1.1541370175989072 0.4616548070395629 0.3185418168572984
0.8206683292662327 0.021541139450567817 8.8 6.585581692082897 3.2927908460414486 0.8231977115103621 0.4692226955609064 0.24399580169167134
0.10361371112787611 0.00034049599082686404 1.1 6.257641166518177 3.4417026415849974 0.6883405283169994 0.6676903124674894 0.14689186874284765
0.3418166212016026 0.002855881824144397 3.1 4.445418089793177 3.2896093864469513 1.0526750036630244 1.0105680035165034 0.848877122953863
0.8933008888526985 0.02004659465473137 8.0 4.455992743772296 3.030075065765162 1.8483457901167488 0.609954110738527 0.5672573229868301
1.0044677749108293 0.023762579726083654 9.0 3.6149944184486174 2.8196956463899214 1.691817387833953 1.556471996807237 0.2490355194891579
0.6387732180863255 0.010412689310204608 5.6 3.1440082810662915 2.955367784202314 2.7189383614661287 0.6525452067518709 0.20228901409308
0.3466220803058244 0.0030307512010843956 3.2 4.140150779892493 3.767537209702169 1.0172350466195856 0.8036156868294726 0.6830733338050516
0.43322068353845994 0.0051785295666200515 4.1 5.358565747726226 3.107968133681211 1.5850637481774177 0.5706229493438704 0.11412458986877408
0.412401281835282 0.004185935099549492 3.7 3.7168986940676443 3.1593638899574974 1.8008374172757733 1.152535947056495 0.05762679735282475
0.8434750386618566 0.019142817071007907 8.1 4.9073552667576985 3.435148686730389 1.0305446060191166 1.0099337138987343 0.1413907199458228
1.0527964844005668 0.030879276140613407 10.0 5.047585290089712 3.381882144360107 1.488028143518447 0.43152816162034974 0.34953781091248326
0.5934273798071622 0.008055940535673507 5.1 2.497720049916935 2.3728340474210885 2.1355506426789796 1.900640071984292 0.6842304259143451
0.6800697306751643 0.011747252998390778 6.4 5.768278115914241 2.538042371002266 1.421303727761269 1.1228299449314028 0.06736979669588417
0.5994727838517684 0.011819592641807992 5.9 5.396036718950665 3.2376220313703987 1.8130683375674235 0.2175682005080908 0.06744614215750816
0.3202659308015629 0.0037043440450056364 3.3 5.788025573522792 3.588575855584131 1.3636588251219697 0.15000247076341666 0.0075001235381708335
0.5991840981450208 0.008294880881966832 5.2 4.196221000860813 2.3918459704906634 1.8895583166876238 1.266004072180708 0.7089622804211965
0.04508763656527493 5.2772896000506715e-5 0.4 4.247615420560013 2.8883784859808093 2.281819003924839 0.6389093210989549 0.13417095743078053
0.2673812701661137 0.0016738362674492287 2.3 4.288713513267202 2.358792432296961 2.2408528106821133 0.851524068059203 0.8089478646562428
0.5671228926776544 0.008939816220756092 5.5 4.304574471290641 4.046300003013203 0.9711120007231686 0.738045120549608 0.184511280137402
0.9928389043683421 0.024075563508548743 9.2 5.2519298216129515 2.3633684197258282 1.5125557886245302 1.406676883420813 0.1828679948447057
0.07778702451201168 0.00014428569815254393 0.7 4.6694720076243135 2.5215148841171295 1.7650604188819907 1.2884941057838535 0.18038917480973948
0.5696612596300799 0.007427637749121483 4.8 3.1831319471854744 2.5465055577483797 2.266389946396058 1.246514470517832 0.6980481034899859
0.11876095351890634 0.0003854295290345871 1.2 6.577752986957631 2.696878724652629 0.8630011918888412 0.793961096537734 0.7145649868839605
0.8144003069599954 0.015789235527139248 7.3 4.826505236154869 2.4132526180774345 1.8340719897388502 1.2288282331250295 0.22118908196250534
1.1038584456189882 0.028575154278731286 9.9 4.493473230133232 2.246736615066616 1.8872587566559575 1.4720618301916468 0.2944123660383294
0.05618450272743304 7.332654080875319e-5 0.5 3.7062890805598347 2.6314652471974824 1.7367670631503387 1.702031721887332 0.15318285496985987
0.011715896279558992 3.1842072601130882e-6 0.1 3.7814331631688405 2.6470032142181883 2.117602571374551 1.0588012856872755 0.5717526942711287
0.6432433596350517 0.011175382405738742 6.2 5.267546037825616 3.4765803849649064 0.7996134885419286 0.7676289490002514 0.6448083171602111
0.8528475162080552 0.017767304764972673 7.5 3.722636585281301 3.1270147316362924 1.970019280930864 0.9259090620375061 0.23147726550937653
0.6247053940742601 0.011329369958167556 6.3 5.717960116299022 3.4879556709424033 0.7673502476073286 0.7289827352269622 0.31346257614759376
0.5076067752177014 0.009003137923183118 5.3 5.252122287421631 4.149176607063089 0.9543106196245106 0.24812076110237274 0.04466173699842709
0.8041959196627182 0.01573556989700385 7.2 3.991819325147815 3.23337365336973 1.5843530901511678 1.0139859776967475 0.3447552324168941
0.9326144012656538 0.020460582616027602 8.0 3.9768117278007193 2.4258551539584388 2.37733805087927 0.8082949372989517 0.8002119879259623
0.9514004476772676 0.027743512051436735 9.0 4.146576073654802 3.6489869448162255 1.9339630807525996 0.2900944621128899 0.10733495098176928
0.7838506288256504 0.015428614701289079 7.2 5.479459560903507 2.7397297804517535 1.5342486770529822 0.6597269311327822 0.6531296618214545
0.48624405709876056 0.006244846639333488 4.8 6.413839012159757 2.6296739949855 0.9466826381947802 0.9182821590489368 0.596883403381809
0.41542308717477666 0.004464753982261092 3.8 5.408271058218821 2.487804686780658 2.039999843160139 0.6119999529480417 0.3121199760035013
0.42880591398635526 0.004325120180763425 3.8 3.567603590721662 2.9254349443917627 1.7552609666350574 1.4217613829743967 0.22748182127590344
0.0609232000776754 0.00010968849191442794 0.6 4.753151748082957 4.040178985870513 1.0100447464676283 0.5050223732338142 0.13635604077312982
0.5813537108245633 0.008125789247877508 5.2 5.257027750765236 2.260521932829051 1.944048862232984 0.9525839424941621 0.4286627741223729
0.3590166070859906 0.0033564552638252155 3.2 3.728613865190894 3.3557524786718047 2.047009011989801 0.6755129739566342 0.1148372055726278
0.6790522151186453 0.010527280927039973 5.9 3.1878275990956135 2.231479319366929 1.9860165942365673 1.8867157645247388 0.6037490446479165
0.6378083650050084 0.009415805199106085 5.6 3.4645106185604817 2.736963388662781 1.806395836517435 1.5535004194049942 0.3417700922690987
0.8752640062897088 0.020646214480948 8.4 4.366632031996933 3.92996882879724 0.9431925189113377 0.7639859403181836 0.3590733919495463
0.4615368258147757 0.008303821168513957 5.3 6.83716481782323 3.55532570526808 0.7821716551589776 0.21118634689292398 0.06546776753680643
0.8294543072184207 0.021814687142822246 7.8 3.8410175931089077 3.610556537522373 2.2024394878886473 0.2422683436677512 0.04845366873355024
0.06877829268802424 0.0001093639771957835 0.6 3.900941671715785 1.872452002423577 1.8162784423508693 1.7617900890803435 1.1980172605746335
0.591390528330047 0.008075466781362598 5.1 3.624192732304384 2.7181445492282883 1.8211568479829527 1.2930213620678965 0.711161749137343
0.17061229629308478 0.000952525518513867 1.7 5.137457821471286 3.9044679443181773 1.2494297421818168 0.18741446132727252 0.1799178828741816
0.8603977545366973 0.018758134590052707 8.0 4.546476210989458 3.5007866824618827 0.9452124042647083 0.9452124042647083 0.6711008070279428
0.9361048630613217 0.024930263678545433 8.6 4.495862120900478 2.7424758937492912 2.5505025811868407 0.38257538717802614 0.15303015487121044
0.6112785398368336 0.009227948486089264 5.4 4.085399474752445 3.1866115903069074 1.8163686064749371 0.6720563843957267 0.5645273628924103
0.5935778911999083 0.008260636873290074 5.1 4.076849427070158 2.4461096562420948 2.299343076867569 0.9427306615157034 0.546783783679108
0.9960364561263607 0.022685622530547962 8.6 2.683738688859128 2.4153648199732154 2.1013673933766968 1.8702169801052604 0.5423629242305255
0.8153902085895111 0.015193136257202828 7.0 2.6767712998722644 2.3555587438875927 2.1671140443765853 1.8203757972763317 0.6371315290467161
0.6900507998480031 0.011680581759909967 6.3 4.762049409155565 2.95247063367645 1.4467106105014607 1.0560987456660664 0.32739061115648055
0.1498433039044768 0.0005183830912487751 1.3 4.041434810393559 2.4248608862361354 2.061131753300715 1.2985130045794506 0.3895539013738352
0.6679261382244234 0.01180260660044082 6.6 6.410125305730427 2.628151375349475 0.9724160088793057 0.8265536075474099 0.7356327107171948
0.5723521412977487 0.00785466789378193 5.0 4.220013795225096 2.7852091048485637 2.0053505554909656 0.8623007388611154 0.4742654063736134
0.9089120977806705 0.01924634071456948 7.9 2.9860696120013124 2.0902487284009186 1.923028830128845 1.8268773886224026 1.333620493694354
0.2325615164131152 0.0012797111679482308 2.0 3.3826587058528337 3.078219422326079 2.062407012958473 0.9693312960904822 0.3974258313970977
0.04161759888839601 4.774696624656075e-5 0.4 4.629771094857529 3.703816875886023 1.074106894006947 0.8807676530856965 0.052846059185141785
0.41384168725771214 0.005212008260603389 4.1 6.16731970744733 3.0219866566491915 1.4807734617581039 0.3109624269692018 0.2052352017996732
1.0175130468726479 0.026511559042349312 9.5 5.332542979363219 3.039549498237035 1.3374017792242952 0.6553268718199047 0.6029007220743123
0.472806562399895 0.007175695575852205 5.1 6.957668362876637 3.0613740796657205 0.9490259646963732 0.4365519437603317 0.14842766087851278
0.6809181611971583 0.010808504519357498 5.9 3.788639852435509 2.7657070922779217 1.9083378936717657 1.1831694940764947 0.49693118751212784
0.28334475318904057 0.0018599178001940313 2.4 3.247007314533378 2.92230658308004 2.0748376739868286 0.9959220835136777 0.7668600043055318
0.330652586251691 0.0036591185803283273 3.4 5.415381416143902 4.007382247946487 0.9617717395071568 0.23082521748171764 0.1846601739853741
0.7881759696652543 0.01956917685194944 7.7 4.368922187551669 3.975719190672019 1.510773292455367 0.2719391926419661 0.11421446090962575
0.1656374040993861 0.00062753334679482 1.4 2.7256937824226384 2.3713535907076952 2.157931767544003 1.5968695079825623 1.02199648510884
0.5850557562088102 0.009517373688754665 5.6 5.471153588904413 3.227980617453604 1.4203114716795857 0.5113121298046508 0.20963797321990685
0.020531475958538353 1.2132332185594283e-5 0.2 4.733340951053926 4.023339808395837 1.0058349520989593 0.4123923303605734 0.3835248672353333
0.08151713836094136 0.00015532059264386914 0.7 2.9377714207015586 2.761505135459465 2.430124519204329 1.2636647499862512 0.15163976999835016
1.0910515484516503 0.02829399569191699 9.7 4.658557546602346 2.608792226097314 1.6696270247022809 1.0351687553154143 0.7142664411676359
1.0632892520571429 0.028986335908284137 10.0 4.240073648383243 3.349658182222762 1.2393735274224218 1.1897985863255252 0.20226575967533925
0.7020534038876548 0.011718985233259007 6.2 4.362762668852003 2.3122642144915617 2.2197736459118995 1.2430732417106636 0.08701512691974646
0.033868805225843235 2.7682071388019276e-5 0.3 4.651552222976808 2.6979002893265487 1.8885302025285837 0.9064944972137202 0.36259779888548804
0.05642138561692221 8.215892656156527e-5 0.5 4.423980095628754 2.6543880573772523 2.442037012787072 0.5860888830688973 0.21099199790480302
0.948421498044452 0.02650991333841481 8.7 3.7553678288904204 3.0042942631123366 2.733907779432226 0.2733907779432226 0.22144653013401028
0.2653789290419636 0.0018505075692071182 2.5 5.11412979725352 3.477608262132394 1.0085063960183942 0.6958694132526921 0.5219020599395191
0.23380927985809474 0.0012885068788008017 2.0 3.3339466683887613 3.1005704016015483 2.0463764650570218 0.8594781153239492 0.6532033676462013
0.741474138139446 0.012902998948762293 6.3 2.831589300851153 2.7466416218256184 2.6367759569525937 0.870136065794356 0.6613034100037105
0.29818183538959236 0.002467078375128747 2.9 5.786367318597384 3.2403656984145357 1.1665316514292328 0.5599351926860318 0.2799675963430159
1.0146990590290657 0.03180619898939443 9.8 4.870533428613956 3.506784068602048 1.6832563529289832 0.3534838341150865 0.04241806009381038
0.5489045123130177 0.007047137803155221 4.9 4.515888306276577 2.393420802326586 1.6275261455820782 1.4647735310238703 0.5126707358583547
0.4954248005544473 0.007134899240279142 5.0 6.542993190379838 2.9443469356709273 1.177738774268371 0.44754073422198093 0.31775392129760643
0.4546963031076211 0.006186969775881191 4.3 5.445845963157764 2.6140060623157266 2.2741852742146818 0.2729022329057618 0.23196689796989753
1.0528953850067455 0.030280520303611762 9.5 4.032002812725162 3.1852822220528783 2.229697555437015 0.49053346219614324 0.15697070790276582
0.2730665436803581 0.00221089097479903 2.7 5.26735219719202 3.739820060006334 0.9723532156016469 0.6320295901410704 0.04424207130987493
0.9293450898531304 0.020296547612819158 8.2 4.654419585499732 2.466842380314858 1.6774528186141033 1.1238933884714493 0.8092032396994435
0.34104009900801996 0.002739295657301049 2.9 3.284128104034216 2.9885565746711364 2.211531865256641 0.8182667901449572 0.6791614358203145
0.5619309764594034 0.0072048735295176585 4.8 3.163839040891054 2.3096024998504694 2.101738274863927 1.6183384716452236 0.7768024663897073
0.20947814058129186 0.0009957903969277251 1.8 2.959951354975452 2.4863591381793797 2.063678084688885 1.7747631528324412 0.3904478936231371
0.5991239105146932 0.010144275759423026 5.7 4.13679619716736 4.012692311252339 1.3643153858257953 0.4092946157477386 0.2905991771808944
0.85255255733958 0.018624893418417502 7.9 4.03521868249757 3.8334577483726915 1.1883719019955343 0.7011394221773652 0.5188431724112502
0.47212441102036035 0.006386477708659044 4.8 6.619321747225578 2.912501568779254 1.0485005647605314 0.4927952654374497 0.47308345481995173
0.3761129045534829 0.004260781099225743 3.7 5.514775628044707 3.5294564019486128 1.2706043047015005 0.34306316226940514 0.198976634116255
0.02218453752610871 1.2679367595970783e-5 0.2 4.7707932040050816 2.862475922403049 2.0037331456821343 0.6011199437046403 0.2945487724152738
0.3271156529372485 0.0024484242830531485 2.8 3.670158539609051 2.385603050745883 2.170898776178754 1.3459572412308274 0.5249233240800226
0.244226899869167 0.0013847797176748922 2.1 4.254477939074727 2.3825076458818475 2.0727816519172073 0.9742073764010873 0.8865287125249895
0.8136110790873229 0.016159639930540957 7.3 4.389931253676568 3.1607505026471285 1.4855527362441503 0.8913316417464903 0.5347989850478941
0.9757540749165705 0.026791582937639436 9.0 4.620928592235952 3.0498128708757286 2.1043708809042525 0.5050490114170205 0.06060588137004247
0.3944082395055337 0.004062966741927105 3.6 3.8809988720847035 3.686948928480468 1.622257528531406 0.6002352855566202 0.3001176427783101
0.9721370342089772 0.02221604352393906 8.6 4.670524395269842 2.3819674415876193 1.5244591626160766 1.2043227384667006 1.1079769193893645
0.12712249660547476 0.00036737979257931894 1.1 3.1123970290676413 2.3654217420914074 1.91599161109404 1.8968316949830994 0.5311128745952678
0.40286331431822536 0.0038526791768588773 3.5 3.7157544458537473 3.0840761900586102 1.8504457140351662 0.9622317712982865 0.4907382033621261
0.7172058567238946 0.011891429043259596 6.2 4.2200242800151955 2.2788131112082057 2.1192961934236316 1.20799883025147 0.5677594502181909
0.05750547239912977 7.494102340487934e-5 0.5 3.295341818083332 2.141972181754166 2.1205524599366243 1.908497213942962 0.36261447064916275
0.9381868311779886 0.02007798746683196 8.1 2.6618098574192235 2.4222469702514933 2.131577333821314 1.8971038271009693 0.43633388023322295
0.05940335822970268 0.00011148050970437179 0.6 4.4804055734811605 4.345993406276726 0.9995784834436469 0.319865114701967 0.18872041767416053
0.8505295539483222 0.018185844824070613 7.5 3.4389768094834183 3.3358075051989156 2.1015587282753168 0.7145299676136078 0.25723078834089885
0.48340005292778715 0.00574587835607548 4.4 4.391484820906822 3.381443312098253 1.0482474267504585 0.9748701068779264 0.7993934876398997
0.4101000219998941 0.004068512748745767 3.6 4.708970883844404 2.354485441922202 2.283850878664536 0.8221863163192329 0.36998384234365483
0.34398634144071977 0.0039028245976737265 3.7 6.8591343186033935 3.1552017865575612 0.9781125538328439 0.40102614707146605 0.07218470647286389
0.512667785909394 0.006793125600702449 4.5 3.4962507518031694 2.971813139032694 2.5557592995681166 0.6644974178877104 0.11960953521978787
0.33824319104909883 0.00268354974542501 3.0 3.7367623035082507 2.8773069737013532 1.4674265565876903 1.4527522910218134 0.668266053870034
0.7743369985277556 0.014621100895597325 6.7 2.9286837394090015 2.8993969020149115 2.6674451498537186 0.8535824479531899 0.2304672609473613
0.045822928500837155 4.860300152127911e-5 0.4 3.772025279962544 2.56497719037453 2.0006822084921336 1.420484368029415 0.2556871862452947
0.6693395958349374 0.01050659946662252 5.9 4.676859919887201 2.4787357575402167 1.7103276727027497 1.1459195407108422 0.6531741382051801
0.13448735743222712 0.00042729412072643416 1.2 3.330507085835963 3.230591873260884 1.453766342967398 1.381078025819028 0.538620430069421
0.03283498128713716 2.6913800147370587e-5 0.3 4.116354269337547 3.3754105008567885 1.4176724103598513 1.0490775836662898 0.19932474089659505
0.5972289586050973 0.008177488934261207 5.2 4.091812058509782 2.1686603910101847 2.0168541636394717 1.492472081093209 0.5522146700044873
0.6048197197540338 0.008398270024968435 5.2 3.4993592673181535 2.5195386724690705 1.8644586176271123 1.4356331355728766 0.8613798813437259
0.9183071794995483 0.022400974008144534 8.7 5.737456020606647 2.92610257050939 1.433790259549601 0.5735161038198404 0.39572611163568994
1.0465191365440991 0.02749927666693485 9.2 3.38784052540257 3.252326904386467 2.211582294982798 0.7077063343944954 0.2689284070699083
0.9833695876751931 0.02398876586607521 8.8 4.600299260967674 2.8521855417999578 1.8824424575879721 0.6588548601557903 0.612735019944885
0.5586949284406679 0.009541376148179157 6.0 7.031142335632987 2.9530797809658544 0.8268623386704392 0.49611740320226355 0.4167386186899014
0.8610946050508588 0.024928502244464554 8.7 6.137927203569573 2.8234465136420037 1.8634746990037225 0.18634746990037226 0.1155354313382308
0.36141267996099935 0.0030847109903446085 3.2 3.508109543351573 3.2976229707504787 1.2860729585926867 1.2089085810771256 0.9066814358078443
0.15957399854013074 0.0005936715006207037 1.4 4.220519996235508 2.6589275976283697 1.675124386505873 1.2395920460143461 0.6321919434673167
0.633492140133344 0.00923110290868615 5.4 3.4335648128277985 2.403495368979459 1.9227962951835673 1.3267294436766615 1.2603929714928286
0.8401820729493785 0.017892892092937998 7.9 5.061694975376879 2.93578308571859 1.2917445577161795 1.1496526563673997 0.18394442501878394
0.11586506015162641 0.0003094002814364337 1.0 4.108922924181768 2.054461462090884 1.828470701260887 1.407922439970883 1.3093678691729211
0.6865337452081705 0.010853428656027073 5.8 2.8569785808744568 2.771269223448223 2.3278661476965077 1.1639330738482538 0.6168845291395746
0.3291362249082009 0.0026124083069830467 2.9 4.692030788050324 2.5806169334276783 2.012881208073589 0.8252812953101715 0.47041033832679774
0.1453860592539812 0.0006895182978542267 1.5 4.874817133422283 4.289839077411609 0.8579678154823219 0.28312937910916625 0.26331032257152465
0.44003202173628764 0.005220370497078444 4.1 5.559457058976054 2.668539388308506 1.8946629656990392 0.45471911176776947 0.40470000947331486
0.1001637666894306 0.00025331519991504486 0.9 4.784229457385851 2.8705376744315103 1.894554865124797 0.587312008188687 0.5109614471241577
0.7861437635368769 0.015046126554256585 6.8 3.235554891475889 3.1384882447316125 2.291096418654077 0.7560618181558456 0.3931521454410397
0.5948884448901501 0.012187484371898106 6.4 6.675456017089167 3.3377280085445835 1.001318402563375 0.24031641661521 0.1658183274644949
0.06705356479339135 0.0001227579659403384 0.6 3.2470772955791327 3.2146065226233413 2.63597734855114 0.395396602282671 0.2609617575065628
0.9481665853251439 0.026608716932320933 9.4 4.9861027966115685 3.939021209323139 0.9847553023307848 0.46283499209546886 0.2406741958896438
0.7507687530455862 0.013218340335012747 6.5 3.6444273626084596 3.024874710965021 1.693929838140412 0.982479306121439 0.9530049269377957
1.0147619972574455 0.029592329072892484 9.5 5.222643921704211 2.6635484000691476 2.2373806560580842 0.44747613121161695 0.08054570361809105
0.14866241541094136 0.0005634153344334707 1.4 5.410384055435878 2.975711230489733 1.1307702675860984 1.0516163488550716 0.2734202507023186
0.05713021769521965 8.232382111379239e-5 0.5 3.4465616433274837 3.20530232829456 2.2437116298061923 0.7628619541341054 0.12968653220279794
0.8347439486791425 0.019206056441995814 7.5 3.656063837799459 3.144214900507535 2.515371920406028 0.3521520688568439 0.320458382659728
0.665236187725836 0.012078235227054961 6.5 5.538741244894406 3.3232447469366435 0.8972760816728939 0.8524122775892491 0.31539254270802214
0.4350881748009189 0.004784259508981312 4.0 4.771773926521458 3.1970885307693773 1.4067189535385258 0.8862329407292715 0.248145223404196
0.8459318432421653 0.021609186766399988 8.5 5.660618201774434 3.5661894671178933 1.0698568401353679 0.4600384412582082 0.14721230120262663
1.0388882002454796 0.024987981072176733 8.9 3.204807467585976 2.788182496799799 1.8123186229198693 1.2142534773563125 1.1656833382620602
0.9198138390398372 0.021939793173953337 8.8 5.898114785571088 2.831095097074122 1.1041270878589076 0.9495492955586605 0.3323422534455312
0.8550029455353761 0.017000013418186282 7.5 3.89170740392469 2.5685268865902953 1.9263951649427216 1.3677405671093323 0.3829673587906131
0.677532912120175 0.012604998711425798 6.5 4.833489197248314 3.818456465826168 0.9927986811148036 0.536111287801994 0.4717779332657547
0.21588742315309284 0.0013583411436269902 2.1 4.348285114619926 4.1743537100351285 1.1270755017094847 0.37193491556413 0.3049866307625866
0.14117165239697763 0.0005049579415670422 1.3 4.027305128773081 3.624574615895773 1.3048468617224784 0.9394897404401843 0.23487243511004607
0.09337487070778806 0.000232653178349994 0.9 6.0965270287887385 2.865367703530707 1.2034544354828969 0.8063144717735409 0.15319974963697275
0.9125530537933276 0.019666874897788074 8.1 5.085972516523435 2.1361084569398425 1.8797754421070614 1.071472002001025 0.7393156813807072
0.44390849821681044 0.004777339542868955 4.0 4.35255731675984 3.2208924144022815 1.2239391174728669 1.0525876410266655 0.6526043374365327
0.8332192296523544 0.019151962422063074 8.0 4.448159151575917 3.8254168703552884 1.1476250611065866 0.757432540330347 0.09089190483964164
0.5377879339998909 0.009941734339724293 5.5 4.801512438005873 4.225330945445168 1.1408393552701954 0.2053510839486352 0.0554447926661315
0.12594838869546826 0.0003679435503242521 1.1 4.251376946593905 2.465798629024465 1.9233229306390824 1.2693931342217946 0.4315936656354102
0.009794752448312554 2.9245590884221754e-6 0.1 6.301362404962853 3.2767084505806836 1.0485467041858187 0.4403896157580438 0.16734805398805666
0.07658997156612488 0.00014339263846259152 0.7 5.4107166818888155 2.759465507763296 1.2141648234158502 0.9713318587326802 0.6993589382875298
0.3084868068464411 0.0034795723089315962 3.3 5.356190698599918 4.2313906518939355 0.8462781303787871 0.22003231389848463 0.04840710905766662
0.5610689479289862 0.008773452762849274 5.4 6.033386346688033 2.715023856009615 1.6561645521658648 0.5465343022147354 0.1311682325315365
0.774672167951899 0.01522173324020216 7.1 3.9916182403541747 3.5525402339152157 1.4565414959052383 0.8884903125021955 0.2132376750005269
0.6835644966736485 0.011005488295692407 6.1 5.066050854411641 2.3303833930293547 1.5147492054690808 1.3026843167034095 0.6383153151846707
0.13565250802663711 0.0006611380548742511 1.4 5.077410518097066 4.163476624839594 1.1241386887066902 0.1686208033060035 0.01011724819836021
0.8542243993316972 0.016776731542801973 7.3 3.429622353050693 2.1606620824219367 2.139055461597717 1.4545577138864474 1.0618271311371066
0.7709974450697638 0.01730069207700814 7.5 4.459306594881343 4.057969001342022 1.1768110103891865 0.435420073843999 0.20029323396823953
0.20146775491694682 0.000990939477643481 1.8 4.974810049315291 2.6863974266302573 1.7730223015759696 0.7092089206303879 0.6879326530114762
0.0786454101954233 0.0001674397225342028 0.7 3.3462650863015146 3.0785638793973935 2.678350575075733 0.5088866092643892 0.12213278622345342
0.41491900922558894 0.004513767351491357 4.0 6.12108928578916 2.6320683928893387 1.2370721446579893 1.0391406015127111 0.06234843609076267
0.03804123533811517 5.290741142613526e-5 0.4 4.832014954796364 4.397133608864691 1.0113407300388788 0.13147429490505425 0.08808777758638635
0.4412930638273504 0.0050556285203964815 4.2 6.087933502719936 2.678690741196772 1.3661322780103538 0.7923567212460051 0.2377070163738015
1.080373062419797 0.029236253116557042 10.0 4.451448056052634 3.3831005226000017 1.0487611620060004 1.0487611620060004 0.5873062507233602
0.13652355140692216 0.00044440372727107253 1.2 4.272457110698968 2.862546264168309 1.8034041464260346 0.9738382390700587 0.4479655899722271
0.8242935652565787 0.016899401118567758 7.7 5.889859328698056 2.4148423247662025 1.4730538181073838 0.7807185235969134 0.7729113383609444
0.4052819360820731 0.0044950797834642795 3.9 4.08994243533833 4.0490430109849465 1.0122607527462366 0.8199312097244515 0.1475876177504013
0.06875404690048895 0.0001099244971118486 0.6 3.4856598646047714 2.9279542862680077 1.4346976002713239 1.3629627202577577 1.063110921801051
0.9530010161084496 0.024883288170819876 8.7 3.6618523927074498 3.588615344853301 2.0096245931178482 0.46221365641710516 0.21724041851603945
0.7990428963118366 0.014758150687613021 7.0 4.691207153152668 1.9233949327925937 1.9233949327925937 1.4233122502665194 0.7685886151439205
0.49893697831992606 0.009189535559369516 5.3 5.708309929262624 3.9958169504838366 0.9589960681161207 0.1534393708985793 0.07518529174030388
0.6528387749220329 0.010125779812853992 5.8 4.426859972885484 2.8774589823755643 1.4387294911877822 1.050272528567081 0.8402180228536648
0.32021003424222655 0.002820620777854549 2.9 4.275300059396209 3.2919810457350813 2.0410282483557505 0.3877953671875926 0.2830906180469426
0.35454089356774393 0.0035640993917672517 3.2 3.8244620124506503 2.9830803697115074 2.6549415290432417 0.3716918140660538 0.15611056190774258
0.8617252912304614 0.0171934601584921 7.4 2.9637605328761416 2.4599212422871974 1.7957425068696542 1.5443385559079028 1.4362348569943495
0.21199375069591214 0.0011157858441532167 2.0 6.005037626064505 2.402015050425802 1.225027675717159 1.2127773989599875 0.3153221237295968
0.5988746654319872 0.008737285609813579 5.3 4.60842532595162 2.7189709423114556 1.957659078464248 0.7439104498164142 0.5504937328641465
0.0451830188799502 4.6992935275149326e-5 0.4 4.294800472964902 2.147400236482451 1.932660212834206 1.604107976652391 0.3368626750970021
0.867433037892885 0.024561285771314504 8.9 5.326295521517569 3.9947216411381765 0.9587331938731624 0.29720729010068037 0.1723802282583946
0.34927767120863457 0.0029172811584405383 3.1 3.9520121978856486 3.1220896363296626 1.5922657145281278 1.1145860001696895 0.39010510005939136
0.5421338086321171 0.0072930068194672374 4.9 4.372831267002934 2.929796948891966 1.7871761388240994 1.0544339219062187 0.08435471375249749
0.494168182924326 0.007334490838955999 5.1 6.590390367274546 3.0974834726190363 0.9911947112380916 0.41630177871999846 0.3996497075711985
0.5359253776002955 0.006626536196551103 4.6 3.59896871551457 2.123391542153596 1.9322863033597724 1.4492147275198295 1.3912461384190364
0.07827296673108675 0.00014856556066687618 0.7 4.948637013918196 2.52380487709828 1.89285365782371 1.0221409752248034 0.17376396578821657
0.4191516718957305 0.0044673545958306155 3.7 4.17154246109304 2.5863563258776847 2.560492762618908 0.6913330459071052 0.15209327009956314
1.003880810516228 0.023168308691718372 8.5 2.658067993910898 2.4454225543980264 2.2742429755901643 1.478257934133607 0.9460850778455085
0.9549644914978456 0.0211781461255869 8.3 3.4156521148074104 2.425113001513261 1.6733279710441502 1.5394617333606182 1.3085424733565256
1.0204930854803616 0.030352312603568958 9.4 4.269160676180405 2.903029259802676 2.5546657486263546 0.3065598898351626 0.2023295272912073
0.3133694104962226 0.002429942608572259 2.9 5.758150482065161 2.5911677169293226 1.3474072128032477 1.0105554096024358 0.3435888392648282
0.15674240320011473 0.0005764336223248455 1.4 4.722959686138548 2.267020649346503 1.8816271389575974 1.392404082828622 0.19493657159600708
0.9137583648745728 0.01931002225432695 7.7 2.55254607537107 2.348342389341384 2.3248589654479703 1.394915379268782 1.311220456512655
1.0163117507411996 0.02408877052821625 8.9 4.270800801842851 1.8791523528108545 1.7851947351703117 1.517415524894765 1.3656739724052884
0.7630168932911436 0.015110903908865008 6.8 4.198604488833024 3.1489533666247684 2.0468196883060994 0.4912367251934638 0.4273759509183135
0.21301081895156349 0.0010388094900477074 1.8 3.2299102609807866 2.2609371826865505 2.1252809517253572 1.402685428138736 1.1922826139179257
0.31729864557543713 0.0023353274737974205 2.8 3.753751992421174 2.5525513548463983 1.9144135161347993 1.5698190832305352 0.17268009915535887
0.7615719677314906 0.014866702835981438 7.1 5.709880948982214 2.7407428555114626 1.5074085705313045 0.7537042852656523 0.28640762840094786
0.6482645210282789 0.009623060289796486 5.6 3.821566621428235 2.2547243066426583 2.119440848244099 1.4412197768059873 0.5476635151862751
0.22547584561675077 0.0015680487752458313 2.2 5.411708217198639 3.3552590946631558 1.5769717744916834 0.283854919408503 0.15612020567467663
0.5344275064873435 0.007708885703339651 5.0 5.630516894823422 2.646342940567008 1.8789034878025759 0.48851490682866966 0.34196043478006877
0.9256632403255884 0.02064646813738159 8.3 4.895113144910965 2.3007031781081535 2.024618796735175 1.1742789021064015 0.10568510118957614
0.8121972703238886 0.020612579417131516 8.3 5.026698050018159 4.1218924010148905 0.824378480202978 0.3792141008933699 0.32233198575936434
0.833288260691176 0.01628870794450541 7.4 3.978113107904819 2.506211257980036 1.9799068938042286 1.4453320324770869 0.15898652357247955
0.8165974831560078 0.01693295806243621 7.2 4.105136486346357 2.791492810715523 2.4006838172153495 0.5281504397873769 0.4542093782171441
0.010276745426215185 2.8802288022237663e-6 0.1 5.851481214697282 3.1597998559365323 1.0743319510184208 0.7305457266925263 0.21916371800775786
1.1665009336607473 0.03196592262666159 10.0 3.637395102412996 2.800794228858007 2.044579787066345 0.8996151063091918 0.8726266531199162
0.6868285073404009 0.012566747350798341 6.4 5.440961648620085 2.8293000572824445 1.7541660355151156 0.561333131364837 0.2694399030551217
0.11299701500548388 0.0003574458258690652 1.1 4.912564111456316 3.8809256480504897 0.8149943860906028 0.59494590184614 0.505704016569219
0.8147378245189411 0.020985872843126637 7.7 4.341108787339694 3.516298117745152 2.0394529082921884 0.22433981991214075 0.09870952076134194
0.795386167005708 0.01464801761843038 7.0 4.030707542340568 2.136274997440501 1.7303827479268057 1.6611674380097334 0.9136420909053534
0.011432321153457308 3.2615802540838745e-6 0.1 4.104084718568803 2.70869591425541 2.4378263228298693 0.6094565807074673 0.3839576458457044
1.0232981932675416 0.024995252574635987 8.9 2.942100419918638 2.706732386325147 2.544328443145638 1.2467209371413628 0.06233604685706814
0.34599180270626106 0.002738252344282233 3.0 3.067329414308785 2.1778038841592373 1.9600234957433136 1.9404232607858805 0.7761693043143522
0.7792574359937992 0.0160932126790215 7.0 3.7513310191372278 3.4137112274148773 2.0482267364489264 0.5735034862056995 0.17778608072376684
0.1928794303996182 0.000969680008991854 1.8 5.303867098562334 3.02320424618053 1.4813700806284595 0.7703124419267989 0.1463593639660918
0.7222098803185034 0.015230451825966853 6.6 3.3270640356687884 3.2937933953121004 2.6350347162496806 0.3689048602749553 0.07747002065774063
0.5095046501254692 0.006693267557729008 4.7 4.724840413790184 3.1656430772394235 1.5511651078473174 0.8686524603944977 0.10423829524733973
0.44043080431353343 0.004506203463115029 3.9 4.4562936053551505 2.272709738731127 1.6136239144991003 1.5329427187741451 0.7051536506361069
0.06036988376475047 0.00011878697080603412 0.6 4.2979580938340955 4.254978512895755 1.319043338997684 0.18466606745967573 0.18466606745967573
0.8171886211739603 0.01619327043268091 7.1 2.778150609448108 2.750369103353627 2.750369103353627 1.0726439503079146 0.07508507652155402
0.9124083237659001 0.01920313380432232 7.8 2.8043940135799867 2.776350073444187 2.304370560958675 1.3134912197464448 0.4071822781213979
0.9182686338291348 0.019504944502134188 7.8 2.9735742176247464 2.1707091788660646 2.1707091788660646 1.4977893334175845 1.348010400075826
0.5522928419493477 0.008056960168870298 4.9 4.000965753113486 3.0407339723662496 2.341365158722012 0.4214457285699622 0.39194452757006487
1.0775832207334866 0.028179583087956653 9.4 3.442915272669722 3.2363403563095385 2.006531020911914 0.7424164777374083 0.5865090174125526
0.6716584550189146 0.010594186218158264 5.9 3.8303765619258177 2.987693718302138 1.493846859151069 1.2100159559123658 0.7865103713430377
0.64315596361233 0.009542936385411795 5.7 3.774012152319131 2.415367777484244 1.7873721553383406 1.6980035475714237 0.4245008868928559
0.6400474930015504 0.009625007523280476 5.6 3.4505585106354304 3.2435249999973044 1.459586249998787 1.0654979624991143 1.0122230643741588
0.35502884663347345 0.0029301450564017694 3.1 3.347284256232601 3.046028673171667 1.5839349100492668 1.3305053244413843 0.7317779284427613
0.6817643075322407 0.010876407778922535 5.8 3.5757416821275787 2.5745340111318566 2.4200619704639452 0.9438241684809385 0.5474180177189444
0.4811409188566569 0.006508634553148347 4.7 4.436862733405601 3.904439205396929 0.9370654092952628 0.8995827929234523 0.08096245136311071
0.5119119414039802 0.007246542335327126 4.9 5.957182157524576 2.7998756140365506 1.5959291000008338 0.4468601480002335 0.35748811840018674
0.5695860369884794 0.00752092720599361 4.9 3.703441162301862 2.7775808717263963 1.7498759491876297 1.1374193669719592 0.9668064619261654
0.303269583270824 0.0024170406911597745 2.7 4.110970552460178 2.7132405646237174 2.6047109420387686 0.44280086014659065 0.36752471392167024
0.36472476164654294 0.0037087910803873733 3.5 5.254357123100759 3.572962843708516 1.143348109986725 0.503073168394159 0.306874632720437
0.7208158972001151 0.01606153231657229 7.7 6.793441339992717 3.0570486029967228 0.8559736088390824 0.6163009983641393 0.1479122396073934
0.6439567800056639 0.017572542392065786 7.7 7.703746644958152 3.235573590882424 0.808893397720606 0.08897827374926666 0.029362830337257995
0.8743186119682194 0.017934176910072853 7.5 3.980616348882952 2.4281759728186008 2.3553306936340426 0.8950256635809362 0.6623189910498928
0.033547943907573895 3.049459160697907e-5 0.3 4.059327065055791 2.841528945539053 2.585791340440539 0.3878687010660808 0.3102949608528647
1.0604323795679005 0.026023563776975678 9.1 3.30844118019301 2.613668532352478 1.80343128732321 1.3165048397459431 1.224349500963727
0.7608330264450772 0.013647706424100745 6.7 4.364519948796761 2.7060023682539915 1.7047814920000148 1.0740123399600094 0.6658876507752058
0.6094273662479569 0.009429272098233412 5.6 4.490472788408474 3.2331404076541013 1.4872445875208866 0.9667089818885763 0.13533925746440068
0.7070851709856903 0.01689960664147843 7.2 5.514167630158326 3.804775664809245 1.1794804560908658 0.20051167753544716 0.11629677297055935
0.9339721757229161 0.02593631155832684 9.0 4.55564977904757 3.826745814399959 1.4541634094719844 0.3053743159891167 0.2717831412303139
0.8193537728387881 0.01964877072236088 7.5 3.8957305289105513 3.3113709495739685 2.351073374197518 0.3056395386456773 0.1681017462551225
0.30823741795604653 0.002348435505157965 2.8 5.399361914207702 2.483706480535543 1.7882686659855913 0.9477823929723633 0.16112300680530178
0.2200569790237744 0.001118584459406576 1.9 2.576663800128189 2.576663800128189 2.550897162126907 1.530538297276144 0.10713768080933007
0.8352650353954506 0.02639841610700433 9.4 7.324410778848271 3.0030084193277906 1.1711732835378383 0.12882906118916224 0.06956769304214762
0.32276257251750484 0.0029116196271841304 3.0 4.831605619611506 3.188859708943594 1.8495386311872846 0.48088004410869395 0.12983761190934737
0.08051684063409145 0.00020778661762408431 0.8 6.0096267158676815 3.0649096250925174 1.6244021012990342 0.22741629418186482 0.15691724298548673
0.39723289624176134 0.003955323603226026 3.5 4.382880196024317 2.76121452349532 2.236583764031209 0.6486092915690506 0.3243046457845253
0.8105709202476046 0.017723731020362277 7.3 4.000085761838734 3.2800703247077614 2.0992450078129674 0.5667961521095012 0.10769126890080523
0.6405910159437526 0.009734508453706792 5.6 3.8770269096683743 2.7914593749612293 2.009850749972085 1.1456149274840886 0.2291229854968177
0.06954906611762343 0.0001111898015095384 0.6 3.665109019767326 2.6022274040348012 1.795536908784013 1.38256341976369 0.7742355150676664
0.13918977182799996 0.0005761729899602196 1.3 3.79995342777079 3.761953893493082 1.9562160246164022 0.31299456393862435 0.13771760813299472
0.04108078707123949 5.348705707963364e-5 0.4 4.919632877316163 3.738920986760284 1.4955683947041134 0.2093795752585759 0.19262920923788981
0.33763431263756655 0.0027059516651696375 3.0 3.989353214142097 3.1116955070308356 1.2446782028123344 1.1948910746998411 0.9081172167718792
0.16099339495297976 0.0005931887803985629 1.4 4.08962806371483 2.16750287376886 2.124152816293483 1.4656654432425036 0.39572966967547596
0.5461886420852993 0.006808164705077445 4.7 3.4924051102617777 2.270063321670156 2.088458255936543 1.5663436919524074 0.6578643506200111
0.06899608690728433 0.00011229506925315862 0.6 2.1199173656210877 2.0987181919648767 2.0987181919648767 2.077731010045228 1.329747846428946
0.11695258522685405 0.0003124153068696042 1.0 2.7612061069077742 2.6231458015623854 2.334599763390523 1.5174898462038398 0.28832307077872954
0.6503911729608126 0.010107881738279709 5.7 4.260064316747028 2.8542430922205084 1.8267155790211256 0.8402891663497177 0.6974400080702658
0.1394922076105534 0.00045668232795664505 1.2 3.835762249866348 2.8384640649010975 1.9869248454307682 0.9934624227153841 0.5265350840391536
0.6722130182455079 0.010273727341571991 5.8 2.445088209002228 2.347284680642139 2.2533932934164533 2.073121829943137 0.2073121829943137
0.2515643194141695 0.0016353542994575329 2.3 4.109898690997267 3.5345128742576493 1.5551856646733655 0.7775928323366827 0.15551856646733658
0.5722324788251221 0.009202846079326855 5.5 5.153060054534836 3.6586726387197337 1.1341885180031175 0.453675407201247 0.35386681761697264
0.04218592851832534 4.767843392677045e-5 0.4 5.684764731037436 3.0697729547602157 1.350700100094495 0.4997590370349631 0.47477108518321487
0.3942102068814258 0.005369955727754115 4.5 7.4084413651546015 3.1115453733649323 0.6534245284066359 0.5031368868731096 0.055345057556042056
0.9075072348399129 0.020220931217960647 8.2 4.267147318140582 2.987003122698407 1.702591779938092 1.089658739160379 0.17434539826566062
0.8621559795534606 0.01739856791501657 7.5 4.149172222248357 2.4065198889040467 2.1899330989026824 1.1606645424184217 0.33659271730134227
0.04233812433112445 4.908382129643627e-5 0.4 4.606863194222035 3.7315591873198484 1.2687301236887485 0.6216777606074867 0.14920266254579684
0.0667709237819524 0.00011415419618307501 0.6 4.181005839940111 3.38661473035149 1.72717351247926 0.5872389942429483 0.41693968591249336
0.8728962197432639 0.02065022160270007 8.4 5.397781986608319 3.2926470118310744 1.185352924259187 0.734918813040696 0.176380515129767
0.6639411270127045 0.010430908234426968 5.9 4.351077689879059 2.8282004984213884 1.4423822541949078 1.1683296258978755 0.7710975530925979
0.9146366410105675 0.021912816994088417 8.7 5.82739864378223 2.738877362577648 1.369438681288824 0.9449126900892885 0.06614388830625019
0.06184822172627127 0.0001099191548743728 0.6 4.588349776143591 3.9459808074834886 1.1048746260953768 0.6297785368743647 0.050382282949949175
1.0817088427511379 0.026841451741986454 9.4 2.7771892836541565 2.582786033798366 2.169540268390627 1.7790230200803143 0.1601120718072283
0.1998475164441413 0.0010636373373967604 1.9 4.5389679476239415 3.6311743580991536 1.0530405638487546 0.9687973187408543 0.15500757099853668
0.4087218641803842 0.004022942601508373 3.7 5.128215581875352 2.7179542583939367 1.250258958861211 1.0752227046206415 0.7849125743730683
0.23444968569625016 0.001365252461054898 2.1 3.5654198839010154 3.5654198839010154 1.675747345433477 0.8378736727167385 0.27649831199652375
0.7059667001167503 0.011689488621788995 6.3 5.12027995233045 2.150517579978789 1.6989088881832433 1.342138021664762 0.49659106801596203
0.7215132226127761 0.013552526694259805 6.6 5.336103482521226 2.3478855323093395 2.2304912556938725 0.646842464151223 0.2134580131699036
0.9834523704327728 0.02306735363048019 8.7 4.059577053776568 3.085278560870192 1.4809337092176922 0.9922255851758538 0.8235472356959586
0.11064523819933224 0.00029801846361763386 1.0 3.9340567699833073 3.5013105252851435 1.190445578596949 1.0356876533793458 0.611055715493814
0.20596111591176922 0.0011843579711683656 2.0 5.96325928615135 3.100894828798702 1.2713668798074678 0.5339740895191364 0.2242691175980373
0.7939330171267035 0.018945162342054976 7.4 4.1413440732189635 3.520142462236119 2.041682628096949 0.32666922049551184 0.08166730512387796
0.6218797227798777 0.01136613972890314 6.4 6.227952658342426 3.238535382338062 0.7448631379377543 0.618236404488336 0.5687774921292692
0.5103285476153504 0.005949451461379104 4.3 2.9298565389885973 2.4610794927504216 2.165749953620371 1.4293949693894448 0.9576946294909281
0.2640430105147599 0.001796829672830648 2.5 5.821052126066525 2.9105260630332626 1.1351051645829724 0.862679925083059 0.3623255685348848
0.021356374862625652 1.2410016138082869e-5 0.2 5.119581865318565 3.2253365751506964 1.5804149218238412 0.48992862576539076 0.28905788920158054
0.5737600355392588 0.007830283556888397 4.9 3.5872170024328685 2.833901431921966 2.2954601598567925 0.7804564543513096 0.5931469053069953
0.8840573023294521 0.019783322246683627 8.2 5.260807836499353 2.8934443100746443 1.4756565981380687 0.8853939588828411 0.2302024293095387
1.007213985249052 0.023597207059388465 8.7 3.0810825383498495 3.0810825383498495 1.7870278722429125 1.161568116957893 0.8595604065488408
0.8017504207575245 0.014817161346753595 6.9 3.3851303410586513 2.6065503626151614 1.7724542465783097 1.4179633972626478 1.0209336460291065
0.32622044722714183 0.0031147915750946867 3.3 5.772628266248683 3.5213032424116966 0.7394736809064563 0.5841842079161005 0.5374494712828124
0.13768178663273795 0.0006036153788898042 1.4 4.77957781989117 4.206028481504229 0.9253262659309305 0.46266313296546524 0.03238641930758256
1.0413862443783348 0.03286095478074853 10.0 4.582316154611929 3.6658529236895436 1.6496338156602943 0.313430424975456 0.15984951673748252
0.5561709100977773 0.009092289228993038 5.9 6.961380904068968 2.8541661706682766 0.7991665277871175 0.6712998833411786 0.3893539323378837
1.0548482836107453 0.0261112988805261 9.2 3.3258249509241273 2.926725956813232 1.990173650632998 1.2737111364051188 0.2929535613731773
0.5305642688899965 0.009180447534441201 5.2 4.54083115373438 3.9051147922115663 1.5620459168846266 0.21868642836384775 0.08747457134553908
0.8435208765289737 0.017402163539829842 7.4 3.6671430514686962 2.89704301066027 2.1727822579952027 1.0646633064176492 0.06387979838505896
0.7770126360080857 0.013975303812998722 6.7 4.247203015072432 2.251017597988389 2.070936190149318 1.1183055426806316 0.8722783232908927
0.863067282560731 0.018355976517475597 7.9 4.563791236306858 3.1033780406886637 1.3344525574961252 1.0942510971468227 0.37204537302991975
0.393659507615988 0.0037900266672804823 3.5 4.782784034074466 2.439219857377978 2.1221212759188406 0.9973969996818551 0.0997396999681855
0.6580886277992422 0.011313539602970078 6.2 5.2307496838600285 3.295372300831818 1.1863340282994546 0.699937076696678 0.40596350448407326
0.25436617778890175 0.001554715984862093 2.3 3.4410179246752914 3.2345568491947736 1.5525872876134914 1.3818026859760073 0.22108842975616116
0.4877842167821873 0.00792763442172581 5.4 7.246555284273714 3.0435532193949597 0.8826304336245383 0.3618784777860607 0.17732045411516972
0.4273914106578474 0.004171386701052899 3.6 3.1625428425725706 2.530034274058057 2.150529132949348 1.3118227710991024 0.8526848012144166
0.5217526495281903 0.006265919920315037 4.5 3.0198160328072814 2.1138712229650967 2.029316374046493 1.8263847366418438 1.0410392998858509
0.7873832594468437 0.015707876157575542 7.0 4.506943227726264 2.7041659366357584 2.2444577274076796 0.6733373182223039 0.24913480774225244
0.5992327952077344 0.0081950277473793 5.2 3.5909148633047336 2.226367215248935 2.0927851823339987 1.632372442220519 0.5060354570883608
1.033810905764322 0.03183989205798253 9.6 4.405057358251861 2.9513884300287474 2.4791662812241473 0.24791662812241477 0.2379999629975182
0.6967012548339048 0.012578686236338036 6.3 4.424427841287367 3.0528552104882833 1.9232987826076184 0.7693195130430474 0.0846251464347352
1.100042815805687 0.029602924162198417 9.9 3.6063515134982764 3.498160968093328 1.5391908259610645 0.95429831209586 0.4103482742012198
0.032060088145881585 2.7093788845860517e-5 0.3 5.069531797053968 3.4472816219966984 1.2065485676988446 0.6032742838494223 0.41625925585610135
0.9825708183831704 0.02728804776503284 9.3 5.097776305370056 3.109643546275734 1.7724968213771681 0.5317490464131505 0.07444486649784106
0.6234144937735937 0.009539179703394898 5.4 3.305573403356397 3.0411275310878856 2.3720794742485505 0.8302278159869927 0.20755695399674817
0.9177767518200447 0.021427289449706892 8.4 5.4046162583963255 2.4320773162783467 1.9943033993482442 0.6780631557784029 0.3864959987936897
0.2118767253240312 0.0010275478216668161 1.8 2.869144076938968 2.4674639061675125 1.9739711249340097 1.5791768999472078 1.0896320609635735
0.4533588392118707 0.005620352443433006 4.2 5.2500658883268985 2.7825349208132564 2.0034251429855447 0.42071928002696435 0.3365754240215714
0.6130646342251869 0.010005118795375396 5.5 4.233420654690037 2.7093892190016238 2.573919758051543 0.46330555644927773 0.2733502783050739
0.6085368960461558 0.008490214787310407 5.1 2.8926338211953118 2.6033704390757806 2.2388985776051715 1.1642272603546893 1.094373624733408
0.8072945671894272 0.015021278092249093 6.8 3.147918172322487 2.644251264750889 2.3004986003332735 1.0812343421566386 0.8001134131959126
0.5549299147997889 0.007111929716648182 4.9 3.8138933508130424 2.4790306780284777 1.8344827017410734 1.595999950514734 0.3670799886183888
0.5425423295198383 0.00684927849265995 4.6 3.342873895430893 2.741156594253332 2.3025715391727988 1.0361571926277597 0.4973554524613247
0.12329163026502124 0.0003558578243372726 1.1 4.446802633289796 2.4902094746422856 1.56883196902464 1.4433254115026686 0.548463656371014
1.0068944352451263 0.023470996155700207 8.7 3.7252034741061344 2.5703903971332327 1.8763849899072595 1.2759417931369368 0.8293621655390088
0.3606817605279197 0.004256927924375221 3.6 5.712262675657254 3.3131123518812067 1.557162805384167 0.2180027927537834 0.11118142430442954
0.8951698433492995 0.023702798906192476 8.9 4.377469022484793 4.246144951810249 0.9766133389163574 0.44924213590152434 0.2785301242589451
0.6864787877166456 0.010873949851403502 5.9 3.374952972139679 2.73371190743314 1.722238501682878 1.3261236462958161 1.060898917036653
0.6896100534645092 0.012254173309366774 6.2 3.636846212793836 3.5641092885379595 1.853336830039739 0.574534417312319 0.37919271542613053
0.5202612579900858 0.006357163287346854 4.6 4.00896755930923 2.8463669671095535 1.5085744925680633 1.312459808534215 0.6562299042671075
0.11348700237862515 0.0003011786424345291 1.0 4.8870009318289025 2.2480204286412953 1.4612132786168421 1.256643419610484 1.181244814433855
0.15899194304891506 0.0007618965376877336 1.6 6.479002363216114 2.9803410870794123 1.3113500783149414 0.3409510203618848 0.2557132652714136
1.096031843090284 0.028377618809312832 9.7 3.555060351448867 3.0929025057605144 1.3299480774770212 1.2368517120536295 1.1255350579688028
0.22724857203168114 0.0017023351223291554 2.4 5.920417744676065 3.729863179145921 0.7459726358291843 0.5371002977970126 0.05371002977970127
1.0324581547463894 0.03156209548398942 9.9 5.311249300375687 3.0274121012141415 1.8769955027527674 0.3003192804404428 0.2792969308096118
0.81821834213097 0.01722513563525616 7.6 4.55570114564039 3.280104824861081 1.4104450746902648 0.9732071015362826 0.11678485218435392
0.5656962917550673 0.007776025686775901 5.0 4.345547508567247 2.9115168307400556 1.8633707716736354 0.8385168472531359 0.42764359209909925
0.4904709625007666 0.005550808735852189 4.2 3.045327337286828 3.0148740639139597 1.8089244383483758 1.193890129309928 0.9192953995686446
1.1055833847784515 0.029178473334089673 9.9 3.718277837974631 3.1977189406581825 1.3430419550764365 1.2355985986703215 0.7290031732154897
0.12011375325548607 0.00035888460015857953 1.1 5.640205005659382 2.594494302603316 1.5826415245880228 0.759667931802251 0.4861874763534407
0.7734840776682682 0.01460895376692072 6.9 3.955051316395325 3.4013441320999798 1.4965914181239908 0.7782275374244753 0.6926225083077829
0.022759532569722882 1.2016065999306777e-5 0.2 4.853159117215695 1.9897952380584347 1.671427999969085 1.4541423599731043 0.9161096867830557
0.2958585775137 0.0020530297222945294 2.6 4.848036772358918 2.424018386179459 1.6725726864638264 1.020269338742934 0.9182424048686406
0.5546952367400796 0.008066524093688464 5.3 5.495281476560151 3.0224048121080833 1.1485138286010717 1.010692169168943 0.14149690368365203
0.8069985962670699 0.015230389801220804 7.1 3.140335879334478 3.108932520541133 1.772091536708446 1.346789567898419 0.4040368703695257
0.07383165487813886 0.00020468595104346696 0.8 5.802820170602914 4.06197411942204 0.812394823884408 0.19497475773225792 0.05849242731967738
0.5865619074084378 0.007923298110646593 5.0 3.042272679303347 2.251281782684477 2.0036407865891843 1.5828762214054555 1.2821297393384188
0.1532171030076904 0.0005510058181471455 1.3 3.563695352513617 2.6371345608600767 2.4261637959912705 0.8491573285969446 0.6113932765898001
0.8316776794064653 0.018794494168194325 7.5 3.6004486699110014 3.420426236415451 2.154868528941734 0.6033631881036855 0.042235423167257986
0.07821741621387676 0.00015442615908369063 0.7 4.431515497979091 3.1020608485853636 1.8302159006653644 0.6954820422528385 0.3129669190137773
0.7823455707296229 0.016289360412151944 7.3 4.965777105632259 3.2277551186609683 1.549322456957265 0.6352222073524786 0.2096233284263179
0.6454401380582158 0.01251836120626803 6.5 5.826707880913744 3.496024728548246 1.0488074185644738 0.37757067068321054 0.32848648349439324
0.3926137416160458 0.0034866539256155752 3.4 3.1760147367083786 2.2867306104300327 2.0123229371784284 2.0123229371784284 0.20123229371784288
0.7036232159512903 0.01216388414911458 6.3 4.359097409867364 3.2257320833018497 1.5160940791518693 0.7732079803674534 0.6108343044902882
0.6928177951583903 0.011526277217324339 6.0 3.443685992692722 3.1337542533503773 2.068277807211249 0.889359457100837 0.3735309719823516
0.3271917878639759 0.002960449910128821 3.0 4.249956066079167 3.4849639741849168 1.847030906318006 0.3878764903267813 0.310301192261425
0.452909445664395 0.006903815762390793 4.9 6.56581573694716 3.4142241832125233 0.8535560458031308 0.40117134152747147 0.09628112196659316
1.0081618032635284 0.0242642347910096 9.0 4.426859972885484 2.8774589823755643 1.4387294911877822 1.050272528567081 0.8402180228536648
0.37333726329944567 0.004207099845675736 3.6 4.331854550998335 3.9419876414084847 1.4585354273211393 0.42297527392313045 0.021148763696156526
0.4590591782378344 0.006017627841453849 4.4 4.76070325108425 3.8085626008674 1.256825658286242 0.4524572369830472 0.20360575664237124
0.6235948689464912 0.008952805821091644 5.5 3.8933835839374575 2.2970963145231 1.83767705161848 1.6539093464566317 0.5292509908661222
0.8790255768730737 0.01776718717933191 7.6 2.926332990767039 2.458119712244313 2.3843761208769836 1.6213757621963487 0.1459238185976714
0.08623849561504343 0.00019108410930987363 0.8 4.726046447111878 3.49727437086279 1.1541005423847206 0.8078703796693044 0.35546296705449393
0.7549026592959627 0.013908400131258297 6.9 5.565252079762528 2.560015956690763 1.3312082974791968 0.9052216422858539 0.8418561273258441
1.1091952759928327 0.028355641503160375 9.4 2.8265197765794405 2.741724183282057 2.165962104792825 1.2345983997319103 0.8889108478069754
0.3454198009366345 0.002722718693788263 3.0 2.8194787694446934 2.7630891940557993 1.9065315438985018 1.7540090203866217 0.3332617138734581
0.9366811031303158 0.021106727184685693 8.5 3.4302045979834515 3.2929964140641133 1.3830584939069277 1.3692279089678585 0.4792297681387505
0.08550212279945044 0.0001866341367491169 0.8 5.432133336601667 2.7703880016668503 1.4128978808500936 1.073802389446071 0.05369011947230355
0.02288543643918618 1.2193864420809694e-5 0.2 4.680907618157254 2.3872628852601996 1.6949566485347418 1.1186713880329295 0.9173105381870021
0.8835961647248888 0.017848659231081934 7.6 3.040007101456589 2.5232058942089686 2.0437967743092647 1.6350374194474115 0.5559127226121199
1.0683693791042788 0.027287199911912457 9.4 3.8627505998079132 3.12882798584441 1.6582788324975373 0.9286361461986209 0.705763471110952
0.7490265429216758 0.020637428254126455 8.7 7.601926632285686 3.0407706529142744 0.851415782815997 0.28948136615743897 0.034737763938892684
0.11017297038580387 0.0002957154774600653 1.0 3.6249267124777957 3.5886774453530177 1.220150331420026 1.134739808220624 0.48793811753486827
0.5158144956228808 0.0065752821833225065 4.5 3.7393452032614567 3.1784434227722382 2.0659882248019548 0.6611162319366255 0.44955903771690536
1.0261225532980027 0.025945126106183894 8.9 3.3271224828904384 2.9278677849435857 2.517966295051484 0.6798508996639007 0.42150755779161847
0.06766011140797014 0.0001520912213427801 0.7 4.465712399748245 4.465712399748245 0.9377996039471315 0.3094738693025534 0.10831585425589368
0.9433883607133565 0.02109802641071176 8.4 3.39955242172726 3.297565849075442 1.4179533151024404 1.2477989172901476 0.6738114153366797
0.15876936532583746 0.0005919207971759049 1.4 4.055242130397122 2.8386694912779853 1.334174660900653 1.2808076744646268 1.0374542163163478
0.7876121619447217 0.02135216772241102 9.0 7.403354756174213 3.1094089975931696 0.6840699794704973 0.41044198768229834 0.18880331433385722
0.342323670418053 0.003775750137857381 3.7 6.6845297913324595 3.2754195977529053 0.7533465074831681 0.4972086949388909 0.2635206083176122
0.6589237328656812 0.009964322088341868 5.6 3.343627917875416 2.407412100870299 1.9981520437223486 1.358743389731197 1.1277570134768935
0.7091093146770117 0.015734744590062 7.2 5.566735415849052 3.785380082777355 0.9463450206943388 0.3974649086916223 0.17488455982431383
0.4750856246911177 0.006499101497830963 4.4 4.863797557072561 2.9669165098142622 2.1658490521644116 0.32487735782466176 0.22091660332077
0.7282555004909914 0.013130173817241056 6.4 3.6126038365076036 3.3235955295869957 1.9609213624563275 0.647104049610588 0.5241542801845763
0.9382878334159666 0.023676338710501576 8.8 5.108870020128948 3.167499412479948 1.583749706239974 0.5067999059967916 0.37503193043762584
1.0106217059098115 0.024142511971887222 9.0 4.574047540363111 2.424245196392449 1.381819761943696 1.2712741809882002 1.2712741809882002
1.0232916341627936 0.024678447805663157 9.3 4.450224173089244 2.225112086544622 1.713336306639359 1.6619362174401782 0.3490066056624374
0.22657101996717854 0.0019278762645532368 2.6 7.197536668266664 3.3828422340853317 0.7103968691579197 0.2060150920557967 0.20395494113523874
0.8432049866542725 0.02101006660702526 7.9 3.936514802289628 3.70032391415225 1.92416843535917 0.32710863401105894 0.16028323066541889
0.5939589612583434 0.008658800132280296 5.4 3.801489632720029 3.687444943738428 1.1062334831215284 0.9292361258220838 0.7526812619158879
0.5087265221278192 0.006252177630461682 4.4 3.244970949093362 3.082722401638694 2.2503873531962464 0.9451626883424235 0.19848416455190893
0.9828976252904584 0.022202309347535126 8.5 3.0897841847542633 2.6263165570411235 1.8909479210696092 1.5883962536984717 0.6988943516273275
0.10188992350166552 0.0002920696020339723 1.0 5.648370321957038 3.445505896393793 0.9991967099542 0.5395662233752679 0.38309201859644026
0.5380499402041407 0.007964721965006704 5.2 4.932628069460381 3.7487973327898896 0.8622233865416746 0.750134346291257 0.34506179929397823
0.2748933801218308 0.0017333699123710466 2.3 2.6180470887185474 2.48714473428262 2.28817315554001 1.2813769671024056 1.2685631974313816
0.7469961408769721 0.013450601047147957 6.6 4.445728766087981 2.6674372596527887 2.0005779447395917 0.9602774134750041 0.2976859981772513
0.023200630336077933 1.3026255515955376e-5 0.2 3.917243337932014 2.8987600700696903 2.174070052552268 0.6522210157656804 0.6326543852927099
0.490685292539846 0.006688730386219023 4.6 5.199550966778509 3.015739560731535 1.809443736438921 0.5066442462028979 0.13679394647478244
1.0488059498850486 0.025787123519879218 9.1 3.6860842211267184 2.506537270366169 2.306014288736875 1.2221875730305438 0.2444375146061088
0.8168294292983777 0.017346791602319847 7.6 4.746057731639505 3.5120827214132335 1.2292289524946318 0.6760759238720476 0.4191670728006695
0.48721872474241973 0.00540362579710525 4.2 2.936726250639748 2.1731774254734133 2.1297138769639448 1.9380396280371899 0.581411888411157
0.828112354244071 0.021167108509107035 8.9 7.060129819549083 2.894653226015124 0.9841820968451421 0.4133564806749597 0.35548657338046535
0.31598583226148164 0.0023056277673231492 2.7 2.5938613029938025 2.152904881484856 2.152904881484856 1.8299691492621277 1.1345808725425193
0.3436630258767635 0.002720424921637372 3.0 3.8495144722881536 2.155728104481366 1.76769704567472 1.6616352229342368 0.9803647815311998
0.7317758310718724 0.016238506347929314 7.6 6.503277245276792 3.1866058501856283 0.9241156965538322 0.4250932204147628 0.4250932204147628
0.4712978020076725 0.00685645426793266 4.5 5.282939723506784 2.9584462451637994 2.0709123716146594 0.22780036087761255 0.2027423211810752
0.2228239756216286 0.00138744895493059 2.2 6.248014302954342 2.9365667223885406 1.1158953545076453 0.8034446552455047 0.04017223276227524
0.24077976119851985 0.0014409635811758552 2.2 4.911633813730414 3.143445640787465 1.3202471691307351 0.8185532448610557 0.5238740767110757
0.8817027163875801 0.01905130722687685 7.7 4.088893192221813 2.5760027110997425 2.4729626026557527 0.6429702766904957 0.5272356268862064
0.04034206691079298 4.731961529844183e-5 0.4 4.981246540757773 3.935184767198641 0.7870369534397282 0.6532406713549744 0.2678286752555395
0.9741898990478796 0.021852240677908162 8.3 3.120397413814623 2.745949724156868 2.0594622931176514 1.2768666217329439 0.7150453081704485
0.5615223110486192 0.007714486368219559 5.1 4.302292632587382 3.355788253418158 1.040294358559629 1.0194884713884362 0.8665652006801708
0.5473170548153122 0.0068609463985461255 4.6 3.017006260891393 2.6549655095844256 2.1505220627633848 1.2042923551474956 0.9634338841179965
0.5067179256535403 0.006127666306435248 4.6 4.989294968715125 2.444754534670411 1.515747811495655 1.3793305084610463 0.33103932203065106
0.18048065471336355 0.0008456676363799534 1.7 5.8129559496450645 2.8483484153260816 1.3387237552032585 0.8166214906739877 0.1796567279482773
0.3507158501126897 0.003871671532569565 3.6 6.699651283150714 2.8138535389232997 1.463203840240116 0.2926407680480232 0.16095242242641275
0.3598307450831945 0.0030477135307982583 3.2 5.224498325711552 2.2465342800559673 1.572573996039177 1.1794304970293827 0.7784241280393925
0.7363158642386092 0.012713187952187446 6.5 4.446256170326738 2.5343660170862403 1.4952759500808817 1.226126279066323 1.0422073372063745
0.08906073435646292 0.00019752869436202175 0.8 4.4543429844097995 3.2071269487750556 1.6035634743875278 0.7697104677060134 0.3848552338530067
0.9342664039710352 0.024164721703444744 8.8 5.507672273534413 2.7538361367672066 1.9001469343693724 0.43703379490495564 0.3102939943825185
0.37073154126780394 0.003241760201259715 3.2 3.4921332931563396 2.9683132991828884 2.048136176436193 1.0855121735111826 0.30394340858313107
0.9329000451212117 0.025947358196277685 9.4 6.092233985649132 3.2288840123940403 1.1623982444618546 0.511455227563216 0.10229104551264322
1.015279142479534 0.023859172945936657 8.9 4.023390058573318 1.9312272281151925 1.8926026835528886 1.684416388362071 0.9601173413663804
1.0300458237859893 0.030726969479213388 9.5 4.369515578625699 2.8838802818929614 2.5089758452468764 0.326166859882094 0.1924384473304354
0.8462223142528544 0.02654132136363508 9.1 6.170515088374889 3.640603902141184 1.0921811706423552 0.15290536388992973 0.058104038278173294
0.058146149556747774 7.771582121605185e-5 0.5 2.969452646732533 2.6725073820592797 1.710404724517939 1.5564682993113246 1.15178654149038
0.1885929793844529 0.0013825412795568086 2.1 6.34264221789513 3.805585330737078 0.8372287727621572 0.12558431591432356 0.12056094327775062
0.45244176593293145 0.007355073531420714 4.9 6.769347743559777 3.3169803943442906 1.061433726190173 0.19105807071423114 0.09170787394283095
0.7138325928193925 0.011723232596804602 6.3 3.866916585485587 2.049465790307361 1.8855085270827723 1.7912331007286337 0.6806685782768808
0.4181989814692881 0.0040887803006573195 3.6 3.8779803187651347 2.559467010384989 2.2267362990349406 1.1133681495174703 0.3228767633600664
0.25018394314529274 0.0018476472227052548 2.5 6.060156139922944 3.27248431555839 1.1453695104454367 0.4581478041781747 0.18784059971305161
0.9238861206092194 0.0198118960143215 8.0 3.858778359006268 2.5082059333540743 1.755744153347852 1.2290209073434963 1.1552796529028866
0.28718977401035095 0.0020009906942007757 2.6 4.921385299093747 2.7559757674924987 1.5709061874707242 1.0682162074800925 0.288418376019625
0.8327602388226353 0.021320155429303884 7.8 4.610200622100471 3.042732410586311 2.3429039561514595 0.23429039561514595 0.1499458531936934
0.08622870772313335 0.00021394942632345178 0.8 4.476970731177069 3.447267463006343 1.8615244300234253 0.3536896417044508 0.19806619935449246
1.1532030528610036 0.03167713050398668 10.0 3.447410443171507 2.6889801456737756 2.3663025281929224 1.135825213532603 0.17037378202989045
0.49364336682082 0.005760983949012757 4.2 3.3497838426358637 2.847316266240484 2.363272500979602 0.8507781003526567 0.527482422218647
0.5640176159947538 0.00833949589590405 5.0 3.1124614490524913 2.9879629910903915 2.8086852116249683 0.44938963385999486 0.3954628777967955
0.8073879890444058 0.021728746427876325 8.7 6.236766264133819 3.5549567705562763 0.7820904895223808 0.5161797230847713 0.05677976953932485
0.6008256028074489 0.009947085983316294 5.4 3.9597963460900023 2.8510533691848017 2.6514796333418653 0.42423674133469846 0.18666416618726733
0.29326858736700906 0.002351292295376097 2.7 5.292439009932851 2.5403707247677683 2.2355262377956358 0.49181577231503987 0.17213552031026394
0.7072928871049821 0.018263697201106953 7.7 6.301230480658647 3.654713678782015 0.950225556483324 0.19954736686149807 0.08979631508767412
1.023543265316594 0.02436776573840886 9.0 3.784678655708634 2.6114282724389573 1.8279997907072703 1.425839836751671 0.48478554449556804
